30
1 Montevideo
2 Nueva_York
3 Roma
4 Tokio
5 Moscu
6 Abu_Dhabi_South
7 Hong_Kong
8 Los_Angeles
9 Paris
10 Londres
11 Punta_del_Este
12 Salto
13 Rivera
14 Canelones
15 Colonia
16 Durazno
17 Paysandu
18 Maldonado
19 San_Pablo
20 Buenos_Aires
21 Barcelona
22 Madrid
23 Berlin
24 Amsterdam
25 Lisboa
26 Bruselas
27 Estocolmo
28 Copenhague
29 Helsinki
30 Varsovia_Vieja
21
12
9
13
130
1 2 60
2 3 46
2 1 60
3 13 96
3 10 66
3 5 67
3 18 69
3 4 72
3 2 46
4 26 65
4 5 15
4 3 72
5 23 96
5 3 67
5 6 77
5 4 15
6 20 3
6 19 62
6 28 30
6 21 96
6 7 83
6 5 77
7 13 13
7 12 18
7 8 56
7 6 83
8 21 29
8 23 17
8 26 33
8 9 70
8 7 56
9 25 67
9 23 23
9 10 5
9 8 70
10 3 66
10 21 93
10 15 71
10 30 69
10 11 7
10 9 5
11 13 97
11 12 67
11 10 7
12 19 51
12 7 18
12 13 71
12 11 67
13 18 66
13 3 96
13 23 40
13 29 35
13 7 13
13 11 97
13 14 20
13 12 71
14 17 15
14 22 78
14 16 92
14 15 25
14 13 20
15 10 71
15 16 64
15 14 25
16 30 38
16 14 92
16 17 2
16 15 64
17 30 97
17 14 15
17 18 79
17 16 2
18 13 66
18 3 69
18 19 63
18 17 79
19 6 62
19 12 51
19 28 31
19 20 17
19 18 63
20 6 3
20 29 79
20 21 22
20 19 17
21 10 93
21 24 63
21 8 29
21 6 96
21 22 84
21 20 22
22 26 63
22 14 78
22 23 93
22 21 84
23 13 40
23 5 96
23 9 23
23 8 17
23 24 42
23 22 93
24 21 63
24 25 87
24 23 42
25 9 67
25 26 93
25 24 87
26 4 65
26 22 63
26 29 47
26 8 33
26 27 97
26 25 93
27 28 48
27 26 97
28 6 30
28 30 48
28 19 31
28 29 19
28 27 48
29 20 79
29 13 35
29 26 47
29 30 10
29 28 19
30 17 97
30 28 48
30 16 38
30 10 69
30 29 10
