40
1 Montevideo
2 Nueva_York
3 Roma
4 Tokio
5 Moscu
6 Abu_Dhabi_South
7 Hong_Kong
8 Los_Angeles
9 Paris
10 Londres
11 Punta_del_Este
12 Salto
13 Rivera
14 Canelones
15 Colonia
16 Durazno
17 Paysandu
18 Maldonado
19 San_Pablo
20 Buenos_Aires
21 Barcelona
22 Madrid
23 Berlin
24 Amsterdam
25 Lisboa
26 Bruselas
27 Estocolmo
28 Copenhague
29 Helsinki
30 Varsovia_Vieja
31 Atenas
32 El_Cairo
33 Sidney
34 Melbourne
35 Toronto
36 Vancouver
37 Ciudad_de_Mexico
38 Bogota
39 Santiago_de_Chile
40 Quito
24
4
16
37
234
1 33 13
1 29 21
1 6 57
1 2 9
2 34 42
2 36 89
2 3 62
2 1 9
3 8 68
3 33 38
3 29 12
3 10 40
3 32 36
3 6 52
3 4 17
3 2 62
4 20 28
4 35 74
4 29 72
4 5 99
4 3 17
5 15 21
5 16 55
5 32 6
5 6 63
5 4 99
6 23 20
6 39 38
6 24 98
6 1 57
6 33 97
6 35 68
6 16 60
6 3 52
6 17 86
6 7 48
6 5 63
7 36 61
7 15 5
7 13 11
7 8 24
7 6 48
8 3 68
8 34 39
8 38 74
8 18 32
8 26 57
8 9 83
8 7 24
9 34 26
9 29 85
9 37 39
9 10 13
9 8 83
10 14 48
10 24 97
10 25 54
10 3 40
10 29 80
10 11 11
10 9 13
11 18 13
11 13 46
11 12 70
11 10 11
12 14 23
12 23 80
12 33 73
12 13 42
12 11 70
13 33 86
13 11 46
13 24 33
13 22 46
13 7 11
13 14 94
13 12 42
14 12 23
14 10 48
14 21 18
14 35 7
14 23 29
14 20 88
14 15 62
14 13 94
15 31 99
15 5 21
15 7 5
15 35 51
15 27 17
15 16 89
15 14 62
16 23 20
16 38 73
16 5 55
16 25 41
16 22 21
16 6 60
16 37 66
16 17 69
16 15 89
17 6 86
17 18 72
17 16 69
18 11 13
18 8 32
18 19 51
18 17 72
19 30 54
19 20 18
19 18 51
20 4 28
20 32 98
20 36 28
20 28 62
20 14 88
20 21 77
20 19 18
21 14 18
21 22 53
21 20 77
22 36 98
22 31 92
22 16 21
22 13 46
22 23 23
22 21 53
23 16 20
23 6 20
23 37 66
23 25 74
23 38 25
23 14 29
23 39 96
23 12 80
23 24 97
23 22 23
24 6 98
24 31 13
24 40 4
24 10 97
24 13 33
24 25 70
24 23 97
25 27 93
25 23 74
25 10 54
25 16 41
25 39 59
25 26 41
25 24 70
26 32 10
26 8 57
26 35 27
26 36 39
26 27 26
26 25 41
27 25 93
27 15 17
27 28 66
27 26 26
28 37 34
28 20 62
28 29 3
28 27 66
29 1 21
29 3 12
29 9 85
29 4 72
29 10 80
29 30 88
29 28 3
30 19 54
30 31 46
30 29 88
31 24 13
31 15 99
31 22 92
31 35 72
31 38 67
31 32 5
31 30 46
32 26 10
32 20 98
32 5 6
32 3 36
32 33 48
32 31 5
33 1 13
33 13 86
33 3 38
33 6 97
33 12 73
33 34 8
33 32 48
34 2 42
34 8 39
34 9 26
34 35 74
34 33 8
35 4 74
35 14 7
35 31 72
35 15 51
35 26 27
35 6 68
35 36 98
35 34 74
36 22 98
36 7 61
36 2 89
36 20 28
36 26 39
36 37 70
36 35 98
37 23 66
37 28 34
37 9 39
37 16 66
37 38 21
37 36 70
38 16 73
38 8 74
38 23 25
38 31 67
38 39 21
38 37 21
39 6 38
39 23 96
39 25 59
39 40 4
39 38 21
40 24 4
40 39 4
