50
1 Montevideo
2 Nueva_York
3 Roma
4 Tokio
5 Moscu
6 Abu_Dhabi_South
7 Hong_Kong
8 Los_Angeles
9 Paris
10 Londres
11 Punta_del_Este
12 Salto
13 Rivera
14 Canelones
15 Colonia
16 Durazno
17 Paysandu
18 Maldonado
19 San_Pablo
20 Buenos_Aires
21 Barcelona
22 Madrid
23 Berlin
24 Amsterdam
25 Lisboa
26 Bruselas
27 Estocolmo
28 Copenhague
29 Helsinki
30 Varsovia_Vieja
31 Atenas
32 El_Cairo
33 Sidney
34 Melbourne
35 Toronto
36 Vancouver
37 Ciudad_de_Mexico
38 Bogota
39 Santiago_de_Chile
40 Quito
41 Lima
42 Caracas
43 Brasilia
44 Ciudad_del_Cabo
45 Johannesburgo
46 Dubai
47 Singapur
48 Seul
49 Beijing
50 Bangkok
48
19
30
26
368
1 35 81
1 43 80
1 47 99
1 25 88
1 18 46
1 48 99
1 2 78
2 41 76
2 4 23
2 50 60
2 44 11
2 3 92
2 1 78
3 20 81
3 19 77
3 13 94
3 23 4
3 15 33
3 45 3
3 27 14
3 4 35
3 2 92
4 29 76
4 28 11
4 33 87
4 49 16
4 2 23
4 9 74
4 35 83
4 26 35
4 5 19
4 3 35
5 9 67
5 38 11
5 13 54
5 30 48
5 27 4
5 6 25
5 4 19
6 35 12
6 21 88
6 43 29
6 48 79
6 23 89
6 7 76
6 5 25
7 20 60
7 40 13
7 21 87
7 14 48
7 13 23
7 8 78
7 6 76
8 27 40
8 19 67
8 47 6
8 9 8
8 7 78
9 24 14
9 5 67
9 44 46
9 47 57
9 26 17
9 4 74
9 10 43
9 8 8
10 17 75
10 39 60
10 42 39
10 40 68
10 43 69
10 23 41
10 11 52
10 9 43
11 27 94
11 32 84
11 43 68
11 23 99
11 24 82
11 31 92
11 39 53
11 12 3
11 10 52
12 46 55
12 24 54
12 13 16
12 11 3
13 36 33
13 5 54
13 47 96
13 42 49
13 3 94
13 7 23
13 14 97
13 12 16
14 46 3
14 35 10
14 7 48
14 22 75
14 23 12
14 15 87
14 13 97
15 30 24
15 26 67
15 33 68
15 3 33
15 21 64
15 16 53
15 14 87
16 39 99
16 27 27
16 28 93
16 17 4
16 15 53
17 46 92
17 48 13
17 10 75
17 23 43
17 28 81
17 18 8
17 16 4
18 24 73
18 1 46
18 19 51
18 17 8
19 35 77
19 23 56
19 37 32
19 3 77
19 8 67
19 20 91
19 18 51
20 7 60
20 3 81
20 28 22
20 31 44
20 38 21
20 21 2
20 19 91
21 31 79
21 49 3
21 7 87
21 40 67
21 6 88
21 48 19
21 15 64
21 22 70
21 20 2
22 38 34
22 30 78
22 14 75
22 37 82
22 27 19
22 42 9
22 23 14
22 21 70
23 35 11
23 19 56
23 11 99
23 31 8
23 14 12
23 44 43
23 3 4
23 17 43
23 28 52
23 10 41
23 42 29
23 6 89
23 24 62
23 22 14
24 18 73
24 9 14
24 40 95
24 39 14
24 26 89
24 34 14
24 11 82
24 12 54
24 25 97
24 23 62
25 30 71
25 1 88
25 45 72
25 42 94
25 36 58
25 26 55
25 24 97
26 24 89
26 15 67
26 38 66
26 9 17
26 4 35
26 32 48
26 29 87
26 27 46
26 25 55
27 11 94
27 46 50
27 8 40
27 32 61
27 16 27
27 5 4
27 22 19
27 36 86
27 3 14
27 28 61
27 26 46
28 31 38
28 20 22
28 4 11
28 16 93
28 23 52
28 17 81
28 29 38
28 27 61
29 50 39
29 4 76
29 43 14
29 41 69
29 48 86
29 26 87
29 46 90
29 30 1
29 28 38
30 25 71
30 15 24
30 22 78
30 5 48
30 31 57
30 29 1
31 21 79
31 28 38
31 46 49
31 23 8
31 20 44
31 47 70
31 11 92
31 32 26
31 30 57
32 27 61
32 11 84
32 26 48
32 33 78
32 31 26
33 50 16
33 15 68
33 4 87
33 41 38
33 34 100
33 32 78
34 41 83
34 24 14
34 42 12
34 49 69
34 35 60
34 33 100
35 23 11
35 19 77
35 1 81
35 6 12
35 14 10
35 4 83
35 36 48
35 34 60
36 39 1
36 13 33
36 25 58
36 27 86
36 37 76
36 35 48
37 48 60
37 19 32
37 22 82
37 38 35
37 36 76
38 5 11
38 22 34
38 26 66
38 20 21
38 39 26
38 37 35
39 16 99
39 36 1
39 24 14
39 10 60
39 49 4
39 11 53
39 48 36
39 40 35
39 38 26
40 24 95
40 7 13
40 21 67
40 10 68
40 46 82
40 41 29
40 39 35
41 34 83
41 2 76
41 29 69
41 49 69
41 33 38
41 42 29
41 40 29
42 10 39
42 34 12
42 25 94
42 13 49
42 22 9
42 23 29
42 43 37
42 41 29
43 29 14
43 1 80
43 11 68
43 47 97
43 6 29
43 10 69
43 44 97
43 42 37
44 9 46
44 23 43
44 2 11
44 45 25
44 43 97
45 47 43
45 25 72
45 3 3
45 46 75
45 44 25
46 27 50
46 17 92
46 14 3
46 12 55
46 31 49
46 29 90
46 40 82
46 47 49
46 45 75
47 45 43
47 13 96
47 43 97
47 1 99
47 31 70
47 8 6
47 9 57
47 48 80
47 46 49
48 37 60
48 17 13
48 21 19
48 29 86
48 6 79
48 39 36
48 1 99
48 49 35
48 47 80
49 21 3
49 4 16
49 41 69
49 39 4
49 34 69
49 50 99
49 48 35
50 29 39
50 33 16
50 2 60
50 49 99
