40
1 Proteger_sede_FMI 40 18 29 14 16 21 39 11 35 38 2 0
2 Desactivar_servidor 17 6 17 28 19 26 36 33 37 35 4 3 0
3 Proteger_emisarios 12 20 21 30 5 13 10 19 26 11 22 4 0
4 Recuperar_control_de_sistema 37 26 40 13 37 38 16 9 19 8 21 14 28 23 11 5 0
5 Identificar_agente_hostil 6 7 24 33 37 13 29 20 27 32 6 0
6 Impedir_sabotaje_inminente 39 19 36 23 8 11 7 0
7 Neutralizar_amenaza 10 38 34 23 16 27 21 40 8 0
8 Infiltrar_servidor_secreto 13 30 34 24 32 31 23 29 17 13 9 0
9 Infiltrarse_base_enemiga 28 25 24 17 26 18 40 19 10 0
10 Recolectar_evidencias 2 21 37 36 13 33 23 19 18 39 20 11 0
11 Interceptar_transmision_secreta 13 23 25 28 30 16 12 0
12 Infiltrarse_red_financiera 50 20 35 32 21 13 0
13 Rastrear_satelite_pirata 30 19 39 22 25 29 21 37 14 0
14 Recuperar_datos_sensibles 17 24 29 28 23 37 15 0
15 Infiltrarse_red_financiera 8 40 32 21 37 18 16 0
16 Neutralizar_vehiculo 38 18 34 35 27 17 0
17 Interceptar_comunicaciones 12 24 34 31 23 21 30 18 0
18 Rastrear_satelite_pirata 31 21 28 40 33 25 37 19 0
19 Detener_fuga_de_informacion 27 24 36 38 33 32 20 0
20 Recuperar_acceso_sistema_critico 20 30 39 36 40 21 0
21 Saboteo_interno 8 25 32 29 37 23 22 0
22 Anular_defensas_enemigas 7 27 33 32 35 26 34 23 0
23 Recolectar_evidencias 21 26 38 37 24 0
24 Descubrir_identidad_de_infiltrados 21 27 32 29 33 30 40 28 34 39 25 0
25 Anular_defensas_enemigas 37 40 35 32 29 26 0
26 Desactivar_servidor 39 39 35 37 29 33 27 0
27 Desactivar_servidor 43 38 36 34 28 0
28 Infiltrarse_red_financiera 27 29 0
29 Asegurar_artefacto 8 33 40 31 37 30 0
30 Infiltrarse_base_enemiga 33 33 38 35 37 39 31 0
31 Obtener_coordenadas_clave 45 38 35 32 0
32 Detener_ataque_cibernetico 14 36 33 0
33 Interceptar_comunicaciones 28 40 34 0
34 Interceptar_comunicaciones 33 40 38 36 35 0
35 Proteger_informante 14 36 0
36 Obtener_coordenadas_clave 37 40 37 0
37 Impedir_sabotaje_inminente 11 40 38 0
38 Infiltrarse_grupo 42 40 39 0
39 Rastrear_satelite_pirata 16 40 0
40 Desactivar_la_Entidad 32 0
50 4
1 Montevideo
2 Nueva_York
3 Roma
4 Tokio
5 Moscu
6 Abu_Dhabi
7 Hong_Kong
8 Los_Angeles
9 Paris
10 Londres
11 Punta_del_Este
12 Salto
13 Rivera
14 Canelones
15 Colonia
16 Durazno
17 Paysandu
18 Maldonado
19 San_Pablo
20 Buenos_Aires
21 Barcelona
22 Madrid
23 Berlin
24 Amsterdam
25 Lisboa
26 Bruselas
27 Estocolmo
28 Copenhague
29 Helsinki
30 Varsovia
31 Atenas
32 El_Cairo
33 Sidney
34 Melbourne
35 Toronto
36 Vancouver
37 Ciudad_de_Mexico
38 Bogota
39 Santiago_de_Chile
40 Quito
41 Lima
42 Caracas
43 Brasilia
44 Ciudad_del_Cabo
45 Johannesburgo
46 Dubai
47 Singapur
48 Seul
49 Beijing
50 Bangkok
368
1 3 56
1 33 83
1 44 47
1 2 34
2 48 58
2 4 6
2 15 2
2 3 59
2 1 34
3 1 56
3 16 13
3 41 96
3 13 85
3 8 46
3 49 46
3 38 81
3 4 57
3 2 59
4 32 72
4 15 14
4 37 1
4 2 6
4 7 62
4 5 74
4 3 57
5 35 66
5 17 29
5 47 81
5 6 55
5 4 74
6 16 55
6 49 39
6 22 63
6 15 81
6 48 35
6 30 43
6 32 94
6 38 15
6 7 28
6 5 55
7 4 62
7 43 28
7 8 35
7 6 28
8 47 30
8 3 46
8 15 83
8 34 1
8 9 52
8 7 35
9 16 33
9 28 8
9 45 25
9 10 52
9 8 52
10 22 12
10 12 31
10 21 26
10 43 37
10 24 52
10 45 95
10 37 86
10 11 82
10 9 52
11 25 87
11 45 86
11 24 40
11 32 30
11 49 69
11 12 23
11 10 82
12 18 30
12 10 31
12 46 31
12 13 95
12 11 23
13 46 87
13 19 90
13 3 85
13 34 37
13 21 73
13 42 68
13 37 76
13 14 87
13 12 95
14 21 12
14 31 57
14 23 59
14 50 68
14 40 9
14 46 44
14 15 24
14 13 87
15 48 62
15 4 14
15 22 32
15 36 39
15 2 2
15 43 40
15 8 83
15 6 81
15 46 31
15 16 55
15 14 24
16 3 13
16 9 33
16 21 75
16 6 55
16 17 7
16 15 55
17 26 67
17 33 85
17 5 29
17 18 93
17 16 7
18 12 30
18 46 21
18 42 74
18 44 63
18 34 95
18 47 68
18 38 31
18 20 67
18 25 95
18 19 81
18 17 93
19 21 22
19 46 79
19 13 90
19 36 95
19 50 32
19 32 44
19 20 44
19 18 81
20 30 56
20 23 95
20 18 67
20 21 39
20 19 44
21 41 29
21 19 22
21 14 12
21 26 36
21 39 88
21 16 75
21 45 37
21 10 26
21 13 73
21 22 38
21 20 39
22 10 12
22 15 32
22 29 69
22 33 33
22 41 98
22 6 63
22 38 61
22 23 100
22 21 38
23 14 59
23 29 99
23 42 85
23 20 95
23 48 47
23 39 75
23 43 82
23 24 45
23 22 100
24 33 21
24 48 95
24 10 52
24 11 40
24 29 29
24 25 91
24 23 45
25 46 64
25 11 87
25 34 29
25 36 32
25 18 95
25 31 2
25 26 62
25 24 91
26 17 67
26 21 36
26 27 3
26 25 62
27 43 12
27 45 77
27 30 11
27 28 38
27 26 3
28 9 8
28 29 6
28 27 38
29 38 93
29 23 99
29 22 69
29 45 30
29 24 29
29 30 16
29 28 6
30 34 39
30 36 7
30 20 56
30 49 15
30 37 82
30 6 43
30 27 11
30 31 79
30 29 16
31 44 11
31 14 57
31 49 21
31 25 2
31 32 44
31 30 79
32 4 72
32 36 70
32 40 69
32 45 93
32 11 30
32 6 94
32 19 44
32 33 1
32 31 44
33 37 78
33 24 21
33 17 85
33 1 83
33 50 78
33 22 33
33 35 36
33 34 37
33 32 1
34 30 39
34 39 19
34 18 95
34 13 37
34 25 29
34 8 1
34 50 63
34 35 1
34 33 37
35 5 66
35 33 36
35 44 94
35 43 59
35 38 68
35 48 56
35 36 74
35 34 1
36 15 39
36 32 70
36 19 95
36 30 7
36 25 32
36 39 52
36 37 92
36 35 74
37 33 78
37 44 67
37 4 1
37 13 76
37 10 86
37 30 82
37 38 80
37 36 92
38 29 93
38 48 45
38 18 31
38 22 61
38 3 81
38 35 68
38 6 15
38 39 9
38 37 80
39 21 88
39 34 19
39 46 18
39 23 75
39 36 52
39 40 95
39 38 9
40 48 53
40 49 13
40 32 69
40 14 9
40 50 12
40 41 31
40 39 95
41 21 29
41 48 2
41 3 96
41 22 98
41 44 1
41 42 42
41 40 31
42 18 74
42 23 85
42 13 68
42 43 17
42 41 42
43 27 12
43 10 37
43 15 40
43 35 59
43 7 28
43 23 82
43 44 77
43 42 17
44 37 67
44 31 11
44 18 63
44 35 94
44 1 47
44 41 1
44 45 28
44 43 77
45 9 25
45 11 86
45 29 30
45 27 77
45 21 37
45 10 95
45 32 93
45 46 41
45 44 28
46 25 64
46 13 87
46 19 79
46 18 21
46 12 31
46 39 18
46 15 31
46 14 44
46 47 32
46 45 41
47 8 30
47 18 68
47 5 81
47 48 86
47 46 32
48 15 62
48 2 58
48 41 2
48 40 53
48 24 95
48 38 45
48 23 47
48 6 35
48 35 56
48 49 85
48 47 86
49 40 13
49 31 21
49 3 46
49 6 39
49 30 15
49 11 69
49 50 12
49 48 85
50 33 78
50 14 68
50 19 32
50 34 63
50 40 12
50 49 12
